      0.33925958    -0.023843745     -0.20025275     0.051394174    -0.067304239    -0.034631733
    -0.023843745      0.36634543    -0.039713264      0.18132229     0.069972526     0.048184452
     -0.20025275    -0.039713264      0.24594227     0.072573782    -0.089659662    -0.058465138
     0.051394174      0.18132229     0.072573782      0.24560336     -0.10036711    -0.084768461
    -0.067304239     0.069972526    -0.089659662     -0.10036711      0.38478944     -0.10942868
    -0.034631733     0.048184452    -0.058465138    -0.084768461     -0.10942868      0.36756678
