      0.33925902    -0.023842638     -0.20024899      0.05139811    -0.067284709    -0.034580229
    -0.023842638      0.36634475    -0.039715495      0.18132102     0.069964118     0.048156248
     -0.20024899    -0.039715495      0.24593815     0.072570832    -0.089672148    -0.058493896
      0.05139811      0.18132102     0.072570832      0.24560255     -0.10036935     -0.08477503
    -0.067284709     0.069964118    -0.089672148     -0.10036935      0.38478284     -0.10944579
    -0.034580229     0.048156248    -0.058493896     -0.08477503     -0.10944579      0.36755428
