       0.1607408     0.023842893      0.20025046    -0.051396415     0.067291856     0.034597893
     0.023842893      0.13365512      0.03971429     -0.18132156    -0.069967251    -0.048166815
      0.20025046      0.03971429       0.2540587    -0.072572887     0.089662435      0.05846974
    -0.051396415     -0.18132156    -0.072572887      0.25439662       0.1003667     0.084767924
     0.067291856    -0.069967251     0.089662435       0.1003667      0.11520992      0.10943024
     0.034597893    -0.048166815      0.05846974     0.084767924      0.10943024      0.13243322
