       0.1607406      0.02384349      0.20025128     -0.05139587     0.067297093     0.034614069
      0.02384349       0.1336547     0.039714468     -0.18132175    -0.069969393    -0.048173885
      0.20025128     0.039714468      0.25406088    -0.072571727     0.089669376     0.058489294
     -0.05139587     -0.18132175    -0.072571727      0.25439747      0.10036976     0.084775567
     0.067297093    -0.069969393     0.089669376      0.10036976      0.11521779      0.10944423
     0.034614069    -0.048173885     0.058489294     0.084775567      0.10944423      0.13244572
