46.912867 -1184.0859 1.0162936 -0.0761841 3.903183 16.107467 0 0 0 0 0 0 0 0 0 
-1184.0859 30014.272 388.55437 -5.114974 15.314959 41.326902 0 0 0 0 0 0 0 0 0 
1.0162936 388.55437 155241.01 18.480425 -38.479556 -78.258875 0 0 0 0 0 0 0 0 0 
-0.0761841 -5.114974 18.480425 46.669366 -1181.881 -48.46116 -0.0761841 3.903183 16.107467 0 0 0 0 0 0 
3.903183 15.314959 -38.479556 -1181.881 30059.629 350.06878 -5.114974 15.314959 41.326902 0 0 0 0 0 0 
16.107467 41.326902 -78.258875 -48.46116 350.06878 155471.99 18.480425 -38.479556 -78.258875 0 0 0 0 0 0 
0 0 0 -0.0761841 -5.114974 18.480425 46.669366 -1181.881 -48.46116 -0.0761841 3.903183 16.107467 0 0 0 
0 0 0 3.903183 15.314959 -38.479556 -1181.881 30059.629 350.06878 -5.114974 15.314959 41.326902 0 0 0 
0 0 0 16.107467 41.326902 -78.258875 -48.46116 350.06878 155471.99 18.480425 -38.479556 -78.258875 0 0 0 
0 0 0 0 0 0 -0.0761841 -5.114974 18.480425 46.669366 -1181.881 -48.46116 -0.0761841 3.903183 16.107467 
0 0 0 0 0 0 3.903183 15.314959 -38.479556 -1181.881 30059.629 350.06878 -5.114974 15.314959 41.326902 
0 0 0 0 0 0 16.107467 41.326902 -78.258875 -48.46116 350.06878 155471.99 18.480425 -38.479556 -78.258875 
0 0 0 0 0 0 0 0 0 -0.0761841 -5.114974 18.480425 46.286517 -1176.1329 4.8124828 
0 0 0 0 0 0 0 0 0 3.903183 15.314959 -38.479556 -1176.1329 30014.897 311.17045 
0 0 0 0 0 0 0 0 0 16.107467 41.326902 -78.258875 4.8124828 311.17045 155236.29 
