45.470748 -1169.4888 -59.333473 1099.3431 -157.1284 0.023197508 3.7454905 15.894114 -26.043029 -6.3037249 0 0 0 0 0 0 0 0 0 0 0 0 0 0 0 
-1169.4888 30075.061 231.71052 -30232.741 5340.9586 -4.9258211 15.014823 40.920827 -57.499592 -13.485053 0 0 0 0 0 0 0 0 0 0 0 0 0 0 0 
-59.333473 231.71052 155541.62 -3055.0934 -45321.024 18.239847 -38.097822 -77.742124 92.452956 20.604887 0 0 0 0 0 0 0 0 0 0 0 0 0 0 0 
1099.3431 -30232.741 -3055.0934 422032.08 -46219.167 32.034427 -57.500024 -96.988309 107.35096 19.483925 0 0 0 0 0 0 0 0 0 0 0 0 0 0 0 
-157.1284 5340.9586 -45321.024 -46219.167 456188.65 -18.949461 33.744575 55.92103 -69.116291 -12.236243 0 0 0 0 0 0 0 0 0 0 0 0 0 0 0 
0.023197508 -4.9258211 18.239847 32.034427 -18.949461 46.468746 -1181.8652 -48.006718 1184.6624 -182.26847 0.023197508 3.7454905 15.894114 -26.043029 -6.3037249 0 0 0 0 0 0 0 0 0 0 
3.7454905 15.014823 -38.097822 -57.500024 33.744575 -1181.8652 30059.028 350.08014 -30168.349 5257.7556 -4.9258211 15.014823 40.920827 -57.499592 -13.485053 0 0 0 0 0 0 0 0 0 0 
15.894114 40.920827 -77.742124 -96.988309 55.92103 -48.006718 350.08014 155470.96 -3338.9396 -45232.931 18.239847 -38.097822 -77.742124 92.452956 20.604887 0 0 0 0 0 0 0 0 0 0 
-26.043029 -57.499592 92.452956 107.35096 -69.116291 1184.6624 -30168.349 -3338.9396 421926.15 -46105.884 32.034427 -57.500024 -96.988309 107.35096 19.483925 0 0 0 0 0 0 0 0 0 0 
-6.3037249 -13.485053 20.604887 19.483925 -12.236243 -182.26847 5257.7556 -45232.931 -46105.884 456156.88 -18.949461 33.744575 55.92103 -69.116291 -12.236243 0 0 0 0 0 0 0 0 0 0 
0 0 0 0 0 0.023197508 -4.9258211 18.239847 32.034427 -18.949461 46.468746 -1181.8652 -48.006718 1184.6624 -182.26847 0.023197508 3.7454905 15.894114 -26.043029 -6.3037249 0 0 0 0 0 
0 0 0 0 0 3.7454905 15.014823 -38.097822 -57.500024 33.744575 -1181.8652 30059.028 350.08014 -30168.349 5257.7556 -4.9258211 15.014823 40.920827 -57.499592 -13.485053 0 0 0 0 0 
0 0 0 0 0 15.894114 40.920827 -77.742124 -96.988309 55.92103 -48.006718 350.08014 155470.96 -3338.9396 -45232.931 18.239847 -38.097822 -77.742124 92.452956 20.604887 0 0 0 0 0 
0 0 0 0 0 -26.043029 -57.499592 92.452956 107.35096 -69.116291 1184.6624 -30168.349 -3338.9396 421926.15 -46105.884 32.034427 -57.500024 -96.988309 107.35096 19.483925 0 0 0 0 0 
0 0 0 0 0 -6.3037249 -13.485053 20.604887 19.483925 -12.236243 -182.26847 5257.7556 -45232.931 -46105.884 456156.88 -18.949461 33.744575 55.92103 -69.116291 -12.236243 0 0 0 0 0 
0 0 0 0 0 0 0 0 0 0 0.023197508 -4.9258211 18.239847 32.034427 -18.949461 46.468746 -1181.8652 -48.006718 1184.6624 -182.26847 0.023197508 3.7454905 15.894114 -26.043029 -6.3037249 
0 0 0 0 0 0 0 0 0 0 3.7454905 15.014823 -38.097822 -57.500024 33.744575 -1181.8652 30059.028 350.08014 -30168.349 5257.7556 -4.9258211 15.014823 40.920827 -57.499592 -13.485053 
0 0 0 0 0 0 0 0 0 0 15.894114 40.920827 -77.742124 -96.988309 55.92103 -48.006718 350.08014 155470.96 -3338.9396 -45232.931 18.239847 -38.097822 -77.742124 92.452956 20.604887 
0 0 0 0 0 0 0 0 0 0 -26.043029 -57.499592 92.452956 107.35096 -69.116291 1184.6624 -30168.349 -3338.9396 421926.15 -46105.884 32.034427 -57.500024 -96.988309 107.35096 19.483925 
0 0 0 0 0 0 0 0 0 0 -6.3037249 -13.485053 20.604887 19.483925 -12.236243 -182.26847 5257.7556 -45232.931 -46105.884 456156.88 -18.949461 33.744575 55.92103 -69.116291 -12.236243 
0 0 0 0 0 0 0 0 0 0 0 0 0 0 0 0.023197508 -4.9258211 18.239847 32.034427 -18.949461 46.058664 -1175.7713 5.3016393 1151.1289 -213.19615 
0 0 0 0 0 0 0 0 0 0 0 0 0 0 0 3.7454905 15.014823 -38.097822 -57.500024 33.744575 -1175.7713 30014.323 310.39429 -29997.955 5248.5264 
0 0 0 0 0 0 0 0 0 0 0 0 0 0 0 15.894114 40.920827 -77.742124 -96.988309 55.92103 5.3016393 310.39429 155235.24 -3243.437 -45136.175 
0 0 0 0 0 0 0 0 0 0 0 0 0 0 0 -26.043029 -57.499592 92.452956 107.35096 -69.116291 1151.1289 -29997.955 -3243.437 421661.66 -46093.771 
0 0 0 0 0 0 0 0 0 0 0 0 0 0 0 -6.3037249 -13.485053 20.604887 19.483925 -12.236243 -213.19615 5248.5264 -45136.175 -46093.771 456130.3 
